1.0
0.9474669958455634
0.8509282794383637
0.7176090599715783
0.5561548120427736
0.37612422450198474
0.1874650842898131
5.0132799806022624e-17
-0.17705311172502713
-0.33550395974244107
-0.4685384285608472
-0.5709796144167868
-0.639453280033552
-0.6724548425602205
-0.6703200460356393
-0.6351061202724471
-0.5703942834461514
-0.4810277381157403
-0.3728017192114544
-0.2521236074832895
-0.12566160393122308
-1.0081506202160573e-16
0.11868225000227298
0.22489502973969236
0.31407070100237333
0.38273908142127216
0.42863835210973106
0.4507599610218555
0.4493289641172216
0.4257243637785429
0.38234672233808986
0.32244253555816277
0.2498964655839879
0.16900350817487014
0.08423349213208944
4.3937317572549787e-16
-0.07955509128513714
-0.15075164668829702
-0.21052788675435635
-0.2565576786779451
-0.2873248799188354
-0.3021534378231932
-0.30119421191220214
-0.28537157512652617
-0.2562946725192443
-0.2161396952791961
-0.16751061031440218
-0.11328643937996351
-0.0564633983237249
-1.0569796389969028e-16